0.03639109999858192
0.023672700001043268
0.045446399999491405
1.5852597000011883
1.112901199998305
3.8292651000010665
3.3215729000003194
1.9488159000029555
2.291490799998428
1.5105149000009988
1.572949699999299
0.07692429999951855
0.0708820999971067
0.3912483999993128
0.08105999999679625
1.9099993000018003
0.013955999998870539
4.321954099999857
0.011319900000671623
0.03697189999729744
1.5065886000011233
0.029812299999321112
0.059646100002282765
0.07421969999995781
0.060703899998770794
0.13445470000078785
0.23067249999803607
5.074955700001738
0.012014600000838982
0.30627150000145775
0.032528399999137037
0.01790899999832618
0.0183396000029461
1.9399407999990217
0.09724909999931697
0.03750710000167601
0.10184940000181086
0.050585099997988436
0.133636700000352
0.01378119999935734
2.568495999999868
0.27925279999908525
0.10090239999772166
0.05039480000050389
0.043931399999564746
1.1614824999996927
0.13170700000046054
0.06387759999779519
0.14834610000252724
0.6396604999972624
0.021413900001789443
0.15596970000115107
0.04004239999994752
0.019746900001337053
0.06604130000050645
0.012779100001353072
0.25411259999964386
0.06525549999787472
0.02302659999986645
0.0813903999987815
0.08302899999762303
0.062349100000574253
0.03818929999761167
0.13014929999917513
0.018931200000224635
0.11232569999992847
0.2885852999970666
0.24010299999645213
0.054100899997138185
0.09127480000097421
1.4358934999982012
0.03075119999994058
0.2508159999997588
0.13241029999699094
0.0634009999994305
0.13239030000113416
0.045175299997936236
0.08187959999850136
0.2944469999965804
0.011198200001672376
0.060573199996724725
0.031771500001923414
0.22129819999827305
0.037510599999222904
0.011895300001924625
0.025640099996962817
0.10727920000135782
0.026435900002979906
0.04952419999972335
0.04426900000180467
0.013514500002202112
0.020644799998990493
0.021236799999314826
0.019132400000671623
0.09302529999695253
total: 44.43424289996983