0.2745632999976806
0.33647600000040256
0.3141970000033325
0.4144543000002159
0.15699400000085006
0.3773137999996834
0.11697519999870565
0.19275950000155717
0.13153439999950933
0.13788650000060443
0.17301960000258987
0.09923340000023018
0.12269060000107856
0.10845049999988987
0.10899680000147782
0.1866353999976127
0.14615490000142017
0.12623140000141575
0.07854869999937364
0.0532318999976269
0.12123580000115908
0.038033200002246303
0.16290160000062315
0.09147139999913634
0.014065300001675496
0.03684140000041225
0.14918549999856623
0.2406898999979603
0.020932400002493523
0.1180062999992515
0.06545750000077533
0.030771900001127506
0.019874300000083167
0.07940900000176043
0.05305110000335844
0.1385727000015322
0.10728490000110469
0.180474900000263
0.03306890000021667
0.02786529999866616
0.15543670000261045
0.09712530000251718
0.03780580000238842
0.05861189999995986
0.05168069999854197
0.05824149999898509
0.10154059999695164
0.02362849999917671
0.05391560000134632
0.07739519999813638
0.05196780000187573
0.07195499999943422
0.034147399997891625
0.03354910000052769
0.027676999998220708
0.06403510000018287
0.0862489999999525
0.04344189999756054
0.06452520000311779
0.0620374999998603
0.05408499999975902
0.11957270000129938
0.09512850000101025
0.09239870000237715
0.09126920000198879
0.07997210000030464
0.10336979999920004
0.18890600000304403
0.045194300000730436
0.04007139999885112
0.3091865999995207
0.024065300000074785
0.1010061000015412
0.08324110000103246
0.05330569999932777
0.10761119999733637
0.05525929999930668
0.049264399996900465
0.09654500000033295
0.020541700003377628
0.07237819999863859
0.009548699999868404
0.07887510000000475
0.11068869999871822
0.05609309999999823
0.02557390000220039
0.0542886000002909
0.05142640000121901
0.017329199999949196
0.047021400001540314
0.029209200001787394
0.0198443999979645
0.08030950000102166
0.07536729999992531
0.09435810000286438
total: 9.272813200030214
average: 0.09760856000031805
